   1   0.000   0.000   0   0
   2   0.000   0.000   0   0
   3   0.000   0.000   0   0
   4   0.000   0.000   0   0
   5   0.000   0.000   0 -58
   6   0.000   0.000   0 -64
   7   0.000   0.000   0 -69
   8   0.000   0.000   0 -74
   9   0.000   0.000   0 -76
  10   0.000   0.000   0 -78
  11   0.000   0.000   0 -79
  12   0.000   0.000   0 -79
  13   0.000   0.000   0 -78
  14   0.000   0.000   0 -77
  15   0.000   0.000   0 -75
  16   0.000   0.000   0 -73
  17   0.000   0.000   0 -71
  18   0.000   0.000   0 -68
  19   0.000   0.000   0 -65
  20   0.000   0.000   0 -62
  21   0.000   0.000   0 -59
  22   0.000   0.000   0 -55
  23   0.000   0.000   0 -52
  24   0.000   0.000   0 -49
  25   0.000   0.000   0 -45
  26   0.000   0.000   0 -41
  27   0.000   0.000   0 -36
  28   0.000   0.000   0 -33
  29   0.000   0.000   0 -29
  30   0.000   0.000   0 -26
  31   0.000   0.000   0 -22
  32   0.000   0.000   0 -18
  33   0.000   0.000   0 -15
  34   0.000   0.000   0 -12
  35   0.000   0.000   0 -10
  36   0.000   0.000   0  -8
  37   0.000   0.000   0  -7
  38   0.000   0.000   0  -6
  39   0.000   0.000   0  -4
  40   0.000   0.000   0  -3
  41   0.000   0.000   0  -3
  42   0.000   0.000   0  -2
  43   0.000   0.000   0  -2
  44   0.000   0.000   0  -3
  45   0.000   0.000   0  -4
  46   0.000   0.000   0  -5
  47   0.000   0.000   0  -6
  48   0.000   0.000   0  -8
  49   0.000   0.000   0  -9
  50   0.000   0.000   0 -10
  51   0.000   0.000   0 -12
  52   0.000   0.000   0 -13
  53   0.000   0.000   0 -15
  54   0.000   0.000   0 -16
  55   0.000   0.000   0 -17
  56   0.000   0.000   0 -18
  57   0.000   0.000   0 -17
  58   0.000   0.000   0 -16
  59   0.000   0.000   0 -15
  60   0.000   0.000   0 -12
  61   0.000   0.000   0 -11
  62   0.000   0.000   0  -8
  63   0.000   0.000   0  -5
  64   0.000   0.000   0  -3
  65   0.000   0.000   0   1
  66   0.000   0.000   0   5
  67   0.000   0.000   0   8
  68   0.000   0.000   0  13
  69   0.000   0.000   0  18
  70   0.000   0.000   0  23
  71   0.000   0.000   0  29
  72   0.000   0.000   0  34
  73   0.000   0.000   0  39
  74   0.000   0.000   0  43
  75   0.000   0.000   0  48
  76   0.000   0.000   0  53
  77   0.000   0.000   0  58
  78   0.000   0.000   0  63
  79   0.000   0.000   0  67
  80   0.000   0.000   0  71
  81   0.000   0.000   0  75
  82   0.000   0.000   0  77
  83   0.000   0.000   0  80
  84   0.000   0.000   0  82
  85   0.000   0.000   0  83
  86   0.000   0.000   0  84
  87   0.000   0.000   0  84
  88   0.000   0.000   0  85
  89   0.000   0.000   0  85
  90   0.000   0.000   0  84
  91   0.000   0.000   0  81
  92   0.000   0.000   0  76
  93   0.000   0.000   0  72
  94   0.000   0.000   0  67
  95   0.000   0.000   0  63
  96   0.000   0.000   0  60
  97   0.000   0.000   0  54
  98   0.000   0.000   0  48
  99   0.000   0.000   0  40
 100   0.000   0.000   0  32
 101   0.000   0.000   0  24
 102   0.000   0.000   0  17
 103   0.000   0.000   0  10
 104   0.000   0.000   0   3
 105   0.000   0.000   0  -3
 106   0.000   0.000   0  -9
 107   0.000   0.000   0 -15
 108   0.000   0.000   0 -20
 109   0.000   0.000   0 -24
 110   0.000   0.000   0 -27
 111   0.000   0.000   0 -30
 112   0.000   0.000   0 -33
 113   0.000   0.000   0 -39
 114   0.000   0.000   0 -47
 115   0.000   0.000   0 -58
 116   0.000   0.000   0 -71
 117   0.000   0.000   0 -87
 118   0.000   0.000   0-103
 119   0.000   0.000   0-117
 120   0.000   0.000   0-125
 121   0.000   0.000   0-124
 122   0.000   0.000   0-115
 123   0.000   0.000   0-102
 124   0.000   0.000   0 -87
 125   0.000   0.000   0 -75
 126   0.000   0.000   0 -65
 127   0.000   0.000   0 -57
 128   0.000   0.000   0 -50
 129   0.000   0.000   0 -43
 130   0.000   0.000   0 -37
 131   0.000   0.000   0 -31
 132   0.000   0.000   0 -25
 133   0.000   0.000   0 -18
 134   0.000   0.000   0 -10
 135   0.000   0.000   0  -2
 136   0.000   0.000   0   6
 137   0.000   0.000   0  12
 138   0.000   0.000   0  18
 139   0.000   0.000   0  23
 140   0.000   0.000   0  29
 141   0.000   0.000   0  36
 142   0.000   0.000   0  42
 143   0.000   0.000   0  48
 144   0.000   0.000   0  55
 145   0.000   0.000   0  62
 146   0.000   0.000   0  68
 147   0.000   0.000   0  73
 148   0.000   0.000   0  74
 149   0.000   0.000   0  72
 150   0.000   0.000   0  69
 151   0.000   0.000   0  65
 152   0.000   0.000   0  62
 153   0.000   0.000   0  59
 154   0.000   0.000   0  56
 155   0.000   0.000   0  55
 156   0.000   0.000   0  53
 157   0.000   0.000   0  51
 158   0.000   0.000   0  49
 159   0.000   0.000   0  45
 160   0.000   0.000   0  42
 161   0.000   0.000   0  38
 162   0.000   0.000   0  34
 163   0.000   0.000   0  30
 164   0.000   0.000   0  26
 165   0.000   0.000   0  22
 166   0.000   0.000   0  18
 167   0.000   0.000   0  14
 168   0.000   0.000   0  10
 169   0.000   0.000   0   7
 170   0.000   0.000   0   4
 171   0.000   0.000   0   2
 172   0.000   0.000   0   1
 173   0.000   0.000   0  -1
 174   0.000   0.000   0  -2
 175   0.000   0.000   0  -3
 176   0.000   0.000   0  -5
 177   0.000   0.000   0  -7
 178   0.000   0.000   0  -8
 179   0.000   0.000   0  -8
 180   0.000   0.000   0  -8
 181   0.000   0.000   0  -8
 182   0.000   0.000   0  -7
 183   0.000   0.000   0  -6
 184   0.000   0.000   0  -5
 185   0.000   0.000   0  -4
 186   0.000   0.000   0  -3
 187   0.000   0.000   0  -1
 188   0.000   0.000   0   2
 189   0.000   0.000   0   4
 190   0.000   0.000   0   5
 191   0.000   0.000   0   6
 192   0.000   0.000   0   0
 193   0.000   0.000   0   0
 194   0.000   0.000   0   0
 195   0.000   0.000   0   0
