   1  19.600  19.600   0   0
   2  19.715  19.715   0   0
   3  19.825  19.825   0   0
   4  19.935  19.929  -6   0
   5  20.050  20.027 -23 -58
   6  20.160  20.118 -42 -64
   7  20.255  20.201 -54 -69
   8  20.345  20.275 -70 -74
   9  20.435  20.339 -96 -76
  10  20.485  20.394 -91 -78
  11  20.480  20.439 -41 -79
  12  20.545  20.474 -71 -79
  13  20.555  20.499 -56 -78
  14  20.630  20.514-116 -77
  15  20.655  20.520-135 -75
  16  20.635  20.516-119 -73
  17  20.625  20.503-122 -71
  18  20.615  20.481-134 -68
  19  20.600  20.451-149 -65
  20  20.530  20.412-118 -62
  21  20.460  20.366 -94 -59
  22  20.385  20.312 -73 -55
  23  20.315  20.252 -63 -52
  24  20.225  20.185 -40 -49
  25  20.140  20.112 -28 -45
  26  20.020  20.033  13 -41
  27  19.900  19.949  49 -36
  28  19.775  19.861  86 -33
  29  19.625  19.769 144 -29
  30  19.505  19.673 168 -26
  31  19.400  19.574 174 -22
  32  19.315  19.472 157 -18
  33  19.210  19.368 158 -15
  34  19.110  19.262 152 -12
  35  19.005  19.155 150 -10
  36  18.915  19.047 132  -8
  37  18.820  18.938 118  -7
  38  18.710  18.828 118  -6
  39  18.600  18.717 117  -4
  40  18.480  18.606 126  -3
  41  18.355  18.495 140  -3
  42  18.240  18.383 143  -2
  43  18.140  18.271 131  -2
  44  18.040  18.159 119  -3
  45  17.975  18.047  72  -4
  46  17.940  17.934  -6  -5
  47  17.845  17.821 -24  -6
  48  17.670  17.707  37  -8
  49  17.565  17.592  27  -9
  50  17.485  17.476  -9 -10
  51  17.385  17.359 -26 -12
  52  17.275  17.240 -35 -13
  53  17.155  17.120 -35 -15
  54  17.040  16.998 -42 -16
  55  16.930  16.874 -56 -17
  56  16.840  16.748 -92 -18
  57  16.785  16.619-166 -17
  58  16.690  16.488-202 -16
  59  16.590  16.355-235 -15
  60  16.455  16.220-235 -12
  61  16.315  16.084-231 -11
  62  16.135  15.946-189  -8
  63  15.940  15.807-133  -5
  64  15.755  15.668 -87  -3
  65  15.565  15.528 -37   1
  66  15.390  15.388  -2   5
  67  15.210  15.249  39   8
  68  15.050  15.111  61  13
  69  14.910  14.974  64  18
  70  14.775  14.839  64  23
  71  14.635  14.707  72  29
  72  14.495  14.579  84  34
  73  14.330  14.455 125  39
  74  14.190  14.336 146  43
  75  14.075  14.222 147  48
  76  13.965  14.114 149  53
  77  13.850  14.013 163  58
  78  13.740  13.919 179  63
  79  13.640  13.833 193  67
  80  13.575  13.755 180  71
  81  13.500  13.686 186  75
  82  13.440  13.627 187  77
  83  13.380  13.577 197  80
  84  13.310  13.537 227  82
  85  13.250  13.508 258  83
  86  13.205  13.489 284  84
  87  13.195  13.481 286  84
  88  13.185  13.483 298  85
  89  13.225  13.496 271  85
  90  13.285  13.519 234  84
  91  13.350  13.553 203  81
  92  13.445  13.599 154  76
  93  13.530  13.653 123  72
  94  13.620  13.716  96  67
  95  13.715  13.787  72  63
  96  13.815  13.866  51  60
  97  13.930  13.953  23  54
  98  14.040  14.047   7  48
  99  14.150  14.147  -3  40
 100  14.250  14.252   2  32
 101  14.375  14.361 -14  24
 102  14.485  14.473 -12  17
 103  14.605  14.587 -18  10
 104  14.750  14.702 -48   3
 105  14.880  14.817 -63  -3
 106  15.005  14.932 -73  -9
 107  15.135  15.046 -89 -15
 108  15.260  15.158-102 -20
 109  15.385  15.267-118 -24
 110  15.510  15.373-137 -27
 111  15.625  15.476-149 -30
 112  15.765  15.575-190 -33
 113  15.895  15.670-225 -39
 114  15.985  15.761-224 -47
 115  16.085  15.847-238 -58
 116  16.180  15.926-254 -71
 117  16.270  15.996-274 -87
 118  16.340  16.056-284-103
 119  16.400  16.103-297-117
 120  16.410  16.135-275-125
 121  16.420  16.149-271-124
 122  16.400  16.145-255-115
 123  16.365  16.126-239-102
 124  16.290  16.095-195 -87
 125  16.200  16.054-146 -75
 126  16.095  16.004 -91 -65
 127  15.955  15.946  -9 -57
 128  15.810  15.881  71 -50
 129  15.660  15.810 150 -43
 130  15.555  15.734 179 -37
 131  15.425  15.653 228 -31
 132  15.320  15.568 248 -25
 133  15.225  15.480 255 -18
 134  15.140  15.390 250 -10
 135  15.085  15.298 213  -2
 136  15.010  15.206 196   6
 137  14.925  15.115 190  12
 138  14.835  15.026 191  18
 139  14.745  14.939 194  23
 140  14.660  14.855 195  29
 141  14.560  14.773 213  36
 142  14.460  14.697 237  42
 143  14.380  14.626 246  48
 144  14.295  14.561 266  55
 145  14.210  14.502 292  62
 146  14.150  14.451 301  68
 147  14.125  14.408 283  73
 148  14.095  14.376 281  74
 149  14.105  14.354 249  72
 150  14.115  14.341 226  69
 151  14.130  14.336 206  65
 152  14.150  14.339 189  62
 153  14.200  14.350 150  59
 154  14.230  14.369 139  56
 155  14.285  14.393 108  55
 156  14.340  14.425  85  53
 157  14.395  14.464  69  51
 158  14.460  14.509  49  49
 159  14.520  14.560  40  45
 160  14.600  14.617  17  42
 161  14.685  14.679  -6  38
 162  14.790  14.746 -44  34
 163  14.875  14.817 -58  30
 164  14.960  14.892 -68  26
 165  15.050  14.970 -80  22
 166  15.160  15.051-109  18
 167  15.250  15.134-116  14
 168  15.345  15.219-126  10
 169  15.430  15.305-125   7
 170  15.565  15.392-173   4
 171  15.595  15.479-116   2
 172  15.695  15.566-129   1
 173  15.785  15.653-132  -1
 174  15.880  15.740-140  -2
 175  15.965  15.827-138  -3
 176  16.040  15.914-126  -5
 177  16.115  16.000-115  -7
 178  16.190  16.085-105  -8
 179  16.250  16.169 -81  -8
 180  16.310  16.252 -58  -8
 181  16.370  16.334 -36  -8
 182  16.430  16.415 -15  -7
 183  16.480  16.495  15  -6
 184  16.555  16.574  19  -5
 185  16.635  16.653  18  -4
 186  16.705  16.731  26  -3
 187  16.775  16.809  34  -1
 188  16.865  16.886  21   2
 189  16.940  16.964  24   4
 190  17.015  17.042  27   5
 191  17.090  17.121  31   6
 192  17.170  17.201  31   0
 193  17.265  17.282  17   0
 194  17.375  17.362 -13   0
 195  17.445  17.445   0   0
