             GEOMETRY DETAILS OF PROPOSED PROFILE FOR TRIAL NO  4
--------------------------------------------------------------------------------
 STN       RAIL LEVELS      DEPTH  GRADIENT     PROPOSED UNEVENNESS
 NO.  EXISTING PROPOSED DIFF CUT  EXIST PROPO  2    4    6    8    10
--------------------------------------------------------------------------------
    1   10.000   10.000    0    0     0     0    0    0    0    0    0

    2    9.985    9.985    0    0  -666  -666   -3    0    0    0    0

    3    9.950    9.965   15    0  -285  -500   -2   -7    0    0    0

    4    9.915    9.942   27    0  -285  -434   -1   -4   -8    0    0

    5    9.855    9.917   62    0  -166  -400    0    0    0   -1    0

    6    9.815    9.892   77    0  -250  -400    1    4    7   10   11

    7    9.810    9.869   59    0 -2000  -434    2    6   11   17   24

    8    9.815    9.849   34    0  2000  -500    2    6   13   22   32

    9    9.810    9.832   22    0 -2000  -588    2    6   14   25   36

   10    9.805    9.818   13    0 -2000  -714    1    7   15   25   38

   11    9.795    9.806   11    0 -1000  -833    3    8   16   26   37

   12    9.775    9.800   25    0  -500 -1666    1    6   13   22   32

   13    9.770    9.796   26    0 -2000  2000    1    4   10   18   27

   14    9.760    9.794   34    0 -1000  2000    1    3    7   13   20

   15    9.760    9.794   34    0  2000  2000    0    2    4    7   13

   16    9.790    9.794    4    0   333  2000    1    1    2    4    7

   17    9.795    9.795    0    0  2000  2000    0    0    0    1    3

   18    9.795    9.796    1    0  2000  2000   -1   -1   -1   -2   -2

   19    9.790    9.796    6    0 -2000  2000    0   -1   -2   -3   -4

   20    9.785    9.796   11    0 -2000  2000    0   -1   -2   -4   -6

   21    9.770    9.796   26    0  -666  2000   -1   -2   -3   -5   -7

   22    9.765    9.795   30    0 -2000  2000   -1   -2   -4   -5   -7

   23    9.775    9.793   18    0  1000  2000   -1   -2   -3   -5   -6

   24    9.790    9.790    0    0   666  2000    0   -1   -2   -3   -3

   25    9.775    9.787   12    0  -666  2000    0    0    0    0    1

   26    9.735    9.784   49    0  -250  2000    0    1    2    3    5

   27    9.740    9.781   41    0  2000  2000    1    2    4    7   11

   28    9.745    9.779   34    0  2000  2000    1    3    6   10   16


--------------------------------------------------------------------------------


             GEOMETRY DETAILS OF PROPOSED PROFILE FOR TRIAL NO  4
--------------------------------------------------------------------------------
 STN       RAIL LEVELS      DEPTH  GRADIENT     PROPOSED UNEVENNESS
 NO.  EXISTING PROPOSED DIFF CUT  EXIST PROPO  2    4    6    8    10
--------------------------------------------------------------------------------
   29    9.740    9.778   38    0 -2000  2000    1    4    8   14   20

   30    9.730    9.779   49    0 -1000  2000    1    5   10   16   24

   31    9.710    9.782   72    0  -500  2000    2    5   11   18   26

   32    9.735    9.788   53    0   400  1666    1    5   10   17   25

   33    9.760    9.796   36    0   400  1250    1    4    9   16   23

   34    9.750    9.806   56    0 -1000  1000    1    4    8   13   18

   35    9.775    9.818   43    0   400   833    1    3    5    8   10

   36    9.780    9.831   51    0  2000   769    1    1    2    2    2

   37    9.800    9.845   45    0   500   714   -1   -1   -4   -5   -7

   38    9.830    9.858   28    0   333   769   -1   -4   -7  -11  -15

   39    9.870    9.870    0    0   250   833   -3   -6  -11  -16  -24

   40    9.860    9.877   17    0 -1000  1428    0   -4  -10  -18  -28

   41    9.865    9.884   19    0  2000  1428   -2   -4  -12  -22  -34

   42    9.875    9.888   13    0  1000  2000   -1   -6  -13  -24  -37

   43    9.890    9.890    0    0   666  2000   -3   -8  -17  -26  -40

   44    9.880    9.887    7    0 -1000  2000   -2   -8  -16  -27  -38

   45    9.845    9.880   35    0  -285 -1428   -2   -6  -15  -24  -34

   46    9.820    9.870   50    0  -400 -1000   -1   -5  -11  -19  -28

   47    9.810    9.858   48    0 -1000  -833   -2   -4   -7  -13  -22

   48    9.790    9.843   53    0  -500  -666    1   -1   -3   -7  -13

   49    9.780    9.829   49    0 -1000  -714    0    0   -2   -4   -8

   50    9.760    9.815   55    0  -500  -714   -1   -1   -1   -3   -6

   51    9.745    9.800   55    0  -666  -666    0   -1   -1   -2   -3

   52    9.730    9.785   55    0  -666  -666    0    0   -1   -2   -1

   53    9.735    9.770   35    0  2000  -666    0   -1   -1   -1   -1

   54    9.730    9.755   25    0 -2000  -666   -1   -1    0    1    1

   55    9.725    9.739   14    0 -2000  -625    1    1    2    3    4

   56    9.720    9.724    4    0 -2000  -666    1    2    3    4    7


--------------------------------------------------------------------------------


             GEOMETRY DETAILS OF PROPOSED PROFILE FOR TRIAL NO  4
--------------------------------------------------------------------------------
 STN       RAIL LEVELS      DEPTH  GRADIENT     PROPOSED UNEVENNESS
 NO.  EXISTING PROPOSED DIFF CUT  EXIST PROPO  2    4    6    8    10
--------------------------------------------------------------------------------
   57    9.700    9.710   10    0  -500  -714    0    1    3    6    9

   58    9.685    9.696   11    0  -666  -714    1    2    4    8   11

   59    9.640    9.683   43    0  -222  -769    1    3    5    9   13

   60    9.625    9.671   46    0  -666  -833    1    3    6    9   13

   61    9.615    9.661   46    0 -1000 -1000    1    3    5    9   13

   62    9.615    9.652   37    0  2000 -1111    1    2    4    8   12

   63    9.625    9.644   19    0  1000 -1250    0    1    3    6   10

   64    9.595    9.636   41    0  -333 -1250    1    2    3    6   10

   65    9.610    9.629   19    0   666 -1428    1    2    3    6   10

   66    9.610    9.623   13    0  2000 -1666    0    1    3    7   11

   67    9.605    9.617   12    0 -2000 -1666    1    2    5    9   13

   68    9.605    9.612    7    0  2000 -2000    1    3    6   10   15

   69    9.600    9.608    8    0 -2000  2000    2    4    8   12   17

   70    9.600    9.607    7    0  2000  2000    1    3    7   11   16

   71    9.570    9.607   37    0  -333  2000    1    2    6   10   14

   72    9.555    9.608   53    0  -666  2000    1    2    4    7   10

   73    9.535    9.610   75    0  -500  2000    1    2    3    3    3

   74    9.505    9.613  108    0  -333  2000    0    0   -1   -3   -7

   75    9.505    9.616  111    0  2000  2000   -1   -2   -5  -11  -20

   76    9.495    9.618  123    0 -1000  2000   -1   -5  -11  -22  -37

   77    9.490    9.618  128    0 -2000  2000   -2   -8  -19  -36    0

   78    9.535    9.614   79    0   222  2000   -3  -13  -29    0    0

   79    9.555    9.604   49    0   500 -1000   -5  -18    0    0    0

   80    9.555    9.585   30    0  2000  -526   -6    0    0    0    0

   81    9.555    9.555    0    0  2000  -333    0    0    0    0    0








--------------------------------------------------------------------------------


